Tickets After August 1, 2025 (39 total)
========================================

All Tickets:
1264, 1263, 1262, 1261, 1260, 1259, 1258, 1257, 1256, 1255, 1254, 1253, 1252, 1251, 1250, 1249, 1248, 1247, 1246, 1245, 1244, 1243, 1242, 1241, 1236, 1235, 1234, 1233, 1232, 1228, 1227, 1226, 1225, 1224, 1223, 1222, 1221, 1219, 1218

Tickets WITH Device/Kiosk (23 tickets):
1264, 1263, 1261, 1259, 1257, 1256, 1255, 1254, 1253, 1252, 1251, 1249, 1247, 1245, 1242, 1235, 1233, 1232, 1228, 1227, 1226, 1224, 1223, 1221

Tickets MISSING Device/Kiosk (16 tickets - need data cleanup):
1262, 1260, 1258, 1250, 1248, 1246, 1244, 1243, 1241, 1236, 1234, 1225, 1222, 1219, 1218
